4 0.375781 0.775000 0.417188 0.183333
4 0.651953 0.788889 0.153906 0.180556
4 0.187109 0.393056 0.241406 0.141667
4 0.122266 0.491667 0.139844 0.147222
1 0.509766 0.484722 0.371094 0.169444
4 0.829687 0.266667 0.232812 0.091667
4 0.867969 0.329167 0.103125 0.058333
1 0.439844 0.329861 0.115625 0.045833
1 0.511719 0.259028 0.073437 0.093056
1 0.575000 0.306944 0.078125 0.091667
1 0.608203 0.260417 0.094531 0.065278
1 0.662109 0.307639 0.063281 0.065278
1 0.881641 0.127083 0.116406 0.043056
4 0.813281 0.210417 0.153125 0.051389
4 0.233984 0.518750 0.099219 0.090278
