4 0.408984 0.891667 0.080469 0.097222
4 0.478906 0.737500 0.082813 0.197222
4 0.542969 0.802083 0.064062 0.126389
4 0.694531 0.833333 0.192188 0.286111
4 0.588672 0.570139 0.091406 0.101389
4 0.374219 0.572222 0.150000 0.172222
4 0.407422 0.620139 0.047656 0.054167
4 0.253516 0.500694 0.047656 0.073611
4 0.413672 0.461806 0.097656 0.098611
4 0.385938 0.400694 0.054688 0.062500
4 0.615625 0.694444 0.073437 0.077778
4 0.311328 0.386111 0.086719 0.052778
4 0.221484 0.317361 0.035156 0.043056
4 0.089844 0.673611 0.081250 0.091667
