4 0.558594 0.456250 0.251563 0.129167
4 0.350781 0.875000 0.271875 0.125000
4 0.845312 0.871528 0.203125 0.115278
4 0.366016 0.697917 0.250781 0.104167
4 0.747656 0.676389 0.162500 0.255556
4 0.945312 0.645139 0.109375 0.184722
4 0.843359 0.375694 0.074219 0.054167
1 0.939062 0.493056 0.121875 0.063889
4 0.762500 0.428472 0.153125 0.165278
4 0.924609 0.398611 0.021094 0.050000
4 0.571094 0.556250 0.154687 0.079167
4 0.755859 0.540972 0.210156 0.051389
4 0.589453 0.835417 0.049219 0.051389
4 0.616016 0.876389 0.246094 0.108333
4 0.317578 0.550000 0.239844 0.113889
