4 0.491016 0.736806 0.269531 0.331944
1 0.666797 0.892361 0.066406 0.212500
4 0.780859 0.730556 0.158594 0.113889
4 0.560938 0.474306 0.070312 0.198611
4 0.116406 0.525694 0.225000 0.218056
4 0.217578 0.686806 0.227344 0.084722
4 0.875000 0.565278 0.137500 0.197222
4 0.727734 0.402778 0.180469 0.130556
4 0.903906 0.475000 0.129688 0.100000
4 0.415234 0.450000 0.153906 0.102778
4 0.476172 0.557639 0.182031 0.193056
4 0.341406 0.341667 0.106250 0.113889
4 0.265234 0.165278 0.061719 0.158333
1 0.182422 0.298611 0.092969 0.147222
4 0.432031 0.208333 0.145313 0.091667
2 0.541406 0.258333 0.137500 0.130556
4 0.639063 0.296528 0.192188 0.065278
4 0.685547 0.213889 0.136719 0.094444
4 0.477734 0.082639 0.121094 0.156944
4 0.134375 0.081250 0.157813 0.126389
4 0.195312 0.155556 0.053125 0.138889
4 0.889844 0.386111 0.126563 0.077778
4 0.850391 0.269444 0.025781 0.038889
4 0.834375 0.061806 0.160938 0.104167
4 0.980078 0.667361 0.036719 0.306944
4 0.121484 0.347917 0.242969 0.145833
