4 0.524609 0.780556 0.191406 0.141667
4 0.112109 0.815972 0.158594 0.068056
4 0.411719 0.542361 0.117188 0.076389
4 0.596094 0.514583 0.184375 0.056944
4 0.602344 0.925000 0.165625 0.097222
4 0.794922 0.881250 0.167969 0.148611
4 0.623828 0.856250 0.161719 0.065278
4 0.466016 0.709028 0.122656 0.070833
4 0.448438 0.680556 0.120312 0.063889
4 0.112500 0.563194 0.062500 0.034722
4 0.103516 0.610417 0.110156 0.043056
4 0.288672 0.797917 0.167969 0.095833
4 0.719141 0.697917 0.094531 0.168056
4 0.207813 0.717361 0.142188 0.104167
4 0.424219 0.941667 0.171875 0.097222
4 0.264844 0.621528 0.165625 0.087500
