4 0.540234 0.888194 0.132031 0.204167
4 0.226172 0.829861 0.089844 0.190278
4 0.309766 0.758333 0.150781 0.102778
4 0.372266 0.922222 0.088281 0.152778
4 0.619922 0.770833 0.091406 0.111111
4 0.582812 0.536806 0.081250 0.143056
4 0.494922 0.665972 0.085156 0.145833
4 0.396875 0.628472 0.145313 0.090278
4 0.398438 0.515278 0.079687 0.130556
4 0.475781 0.431250 0.076563 0.223611
4 0.517578 0.493750 0.086719 0.112500
4 0.542188 0.359722 0.039062 0.166667
4 0.727734 0.709722 0.086719 0.155556
4 0.852734 0.707639 0.075781 0.098611
4 0.757031 0.886806 0.101562 0.223611
4 0.849609 0.918056 0.064844 0.158333
4 0.917188 0.895139 0.064062 0.190278
4 0.222656 0.386806 0.051562 0.179167
4 0.329297 0.470139 0.078906 0.106944
4 0.358984 0.295833 0.141406 0.100000
4 0.508594 0.181944 0.110937 0.200000
4 0.196094 0.159722 0.075000 0.250000
4 0.237109 0.122222 0.067969 0.230556
4 0.367578 0.233333 0.083594 0.058333
4 0.351953 0.047222 0.060156 0.086111
4 0.276953 0.041667 0.050781 0.072222
4 0.508594 0.028472 0.059375 0.045833
4 0.399609 0.020139 0.035156 0.037500
4 0.739844 0.097917 0.029687 0.054167
