4 0.432031 0.891667 0.178125 0.180556
4 0.674609 0.889583 0.066406 0.218056
4 0.494922 0.742361 0.274219 0.343056
4 0.218750 0.679167 0.210938 0.091667
4 0.116016 0.521528 0.230469 0.209722
4 0.475391 0.555556 0.180469 0.202778
4 0.558594 0.491667 0.062500 0.219444
4 0.652734 0.557639 0.155469 0.187500
4 0.786719 0.730556 0.160938 0.152778
4 0.880859 0.560417 0.132031 0.201389
4 0.731641 0.398611 0.191406 0.119444
4 0.401563 0.436111 0.176563 0.102778
4 0.343359 0.351389 0.127344 0.108333
4 0.189844 0.298611 0.084375 0.138889
4 0.429297 0.215972 0.150781 0.098611
2 0.545703 0.254167 0.127344 0.155556
4 0.680469 0.217361 0.137500 0.087500
4 0.640234 0.302778 0.174219 0.069444
4 0.853516 0.267361 0.032031 0.040278
4 0.481250 0.086806 0.106250 0.156944
4 0.257812 0.166667 0.059375 0.172222
4 0.196094 0.149306 0.054688 0.134722
4 0.142188 0.072917 0.151562 0.120833
4 0.890234 0.401389 0.127344 0.072222
4 0.977734 0.644444 0.044531 0.286111
