4 0.132812 0.868056 0.126563 0.250000
4 0.336328 0.753472 0.224219 0.231944
4 0.180078 0.779167 0.092969 0.141667
4 0.449219 0.872917 0.196875 0.134722
4 0.282422 0.682639 0.269531 0.106944
4 0.231250 0.525694 0.270312 0.173611
4 0.186328 0.343750 0.144531 0.237500
4 0.524219 0.452778 0.081250 0.308333
4 0.669922 0.770833 0.314844 0.211111
4 0.428516 0.197917 0.141406 0.293056
4 0.314453 0.257639 0.146094 0.251389
4 0.075781 0.387500 0.098438 0.213889
4 0.628516 0.459722 0.164844 0.216667
4 0.753516 0.399306 0.105469 0.134722
