1 0.444141 0.805556 0.072656 0.386111
1 0.553125 0.792361 0.057813 0.312500
1 0.382031 0.500000 0.062500 0.361111
1 0.284766 0.613194 0.063281 0.359722
1 0.216406 0.665278 0.064062 0.361111
1 0.664844 0.565278 0.082813 0.413889
1 0.731250 0.835417 0.060938 0.326389
1 0.837500 0.905556 0.078125 0.186111
1 0.940234 0.870833 0.063281 0.258333
1 0.630078 0.897917 0.061719 0.201389
1 0.448047 0.195833 0.097656 0.305556
1 0.930859 0.175000 0.113281 0.344444
1 0.630078 0.163194 0.096094 0.323611
1 0.738281 0.374306 0.064062 0.251389
1 0.077734 0.846528 0.060156 0.306944
1 0.120703 0.572917 0.075781 0.323611
1 0.134766 0.901389 0.038281 0.194444
