1 0.872266 0.842361 0.091406 0.137500
1 0.732031 0.818056 0.176563 0.041667
1 0.918750 0.509722 0.090625 0.041667
1 0.866016 0.484722 0.058594 0.052778
1 0.923437 0.460417 0.046875 0.070833
1 0.946875 0.322222 0.042188 0.052778
1 0.728906 0.252083 0.056250 0.037500
1 0.237891 0.358333 0.063281 0.030556
1 0.587109 0.298611 0.035156 0.025000
4 0.278906 0.840972 0.148438 0.131944
4 0.199219 0.749306 0.142188 0.054167
4 0.426562 0.710417 0.146875 0.098611
4 0.275000 0.700000 0.081250 0.102778
1 0.155078 0.684722 0.108594 0.122222
4 0.508203 0.950000 0.132031 0.086111
1 0.818750 0.365278 0.054688 0.047222
4 0.449609 0.210417 0.025781 0.023611
4 0.428125 0.404167 0.028125 0.038889
4 0.404687 0.525000 0.059375 0.038889
4 0.141406 0.440278 0.057813 0.047222
4 0.408594 0.450694 0.035937 0.043056
4 0.568750 0.411111 0.073437 0.019444
4 0.953906 0.375000 0.050000 0.041667
2 0.816016 0.451389 0.057031 0.038889
1 0.607031 0.587500 0.060938 0.058333
4 0.678125 0.586806 0.082813 0.084722
4 0.557422 0.641667 0.121094 0.077778
3 0.350781 0.460417 0.065625 0.034722
3 0.067578 0.813194 0.082031 0.073611
3 0.728125 0.960417 0.142188 0.076389
4 0.382422 0.377778 0.055469 0.025000
4 0.417969 0.357639 0.029687 0.037500
3 0.398438 0.249306 0.051562 0.018056
3 0.569531 0.279167 0.032812 0.016667
