4 0.351172 0.344444 0.289844 0.266667
4 0.454297 0.538889 0.092969 0.352778
4 0.581250 0.342361 0.104687 0.229167
4 0.586328 0.554861 0.083594 0.220833
4 0.714453 0.237500 0.064844 0.213889
4 0.723828 0.397222 0.163281 0.122222
4 0.701172 0.560417 0.075781 0.212500
4 0.862891 0.689583 0.244531 0.223611
4 0.525781 0.723611 0.129688 0.194444
4 0.667969 0.722222 0.215625 0.133333
4 0.791797 0.790972 0.039844 0.051389
4 0.215625 0.673611 0.137500 0.311111
4 0.125781 0.660417 0.235938 0.259722
4 0.178516 0.736111 0.146094 0.175000
4 0.382031 0.718750 0.062500 0.126389
4 0.369922 0.656250 0.103906 0.215278
3 0.282422 0.631250 0.083594 0.340278
