1 0.393750 0.320139 0.103125 0.190278
1 0.292188 0.320833 0.110937 0.188889
1 0.330078 0.183333 0.089844 0.188889
1 0.169141 0.272917 0.124219 0.176389
1 0.089844 0.263889 0.090625 0.158333
1 0.141797 0.117361 0.133594 0.162500
1 0.242578 0.118750 0.061719 0.106944
1 0.237500 0.264583 0.246875 0.351389
3 0.408594 0.630556 0.073437 0.172222
3 0.099219 0.755556 0.093750 0.088889
3 0.358594 0.817361 0.134375 0.165278
3 0.237500 0.697222 0.159375 0.205556
3 0.314844 0.611111 0.156250 0.227778
3 0.216016 0.731250 0.136719 0.223611
2 0.648438 0.306944 0.157813 0.177778
2 0.771094 0.393750 0.135937 0.156944
2 0.701953 0.096528 0.227344 0.143056
2 0.882031 0.197222 0.109375 0.197222
2 0.847656 0.336806 0.101562 0.145833
2 0.594922 0.171528 0.097656 0.170833
2 0.774219 0.210417 0.134375 0.190278
4 0.814844 0.655556 0.171875 0.138889
4 0.689062 0.736111 0.089062 0.130556
4 0.760156 0.573611 0.048437 0.052778
4 0.853125 0.821528 0.098438 0.145833
4 0.659375 0.595833 0.042188 0.052778
4 0.641797 0.599306 0.052344 0.073611
4 0.603125 0.650000 0.132812 0.097222
4 0.583203 0.715278 0.044531 0.041667
4 0.645703 0.818056 0.196094 0.197222
4 0.811328 0.913194 0.113281 0.140278
4 0.926953 0.808333 0.111719 0.119444
