1 0.629297 0.811111 0.077344 0.266667
1 0.665625 0.878472 0.046875 0.187500
1 0.725000 0.908333 0.079687 0.133333
1 0.804297 0.866667 0.080469 0.202778
1 0.856250 0.827083 0.056250 0.248611
1 0.673828 0.785417 0.064844 0.229167
1 0.714844 0.826389 0.076563 0.200000
1 0.741797 0.740278 0.061719 0.222222
1 0.817969 0.752083 0.045313 0.198611
1 0.787891 0.817361 0.047656 0.265278
4 0.875000 0.394444 0.060938 0.138889
4 0.817578 0.398611 0.049219 0.125000
4 0.776172 0.445833 0.030469 0.036111
4 0.741406 0.443750 0.034375 0.034722
4 0.677734 0.430556 0.055469 0.069444
4 0.683984 0.368750 0.055469 0.062500
4 0.635156 0.386806 0.046875 0.126389
4 0.658984 0.355556 0.050781 0.194444
4 0.674609 0.336111 0.057031 0.233333
4 0.752734 0.345833 0.082031 0.213889
4 0.814453 0.366667 0.052344 0.213889
4 0.866406 0.350000 0.059375 0.205556
4 0.742578 0.205556 0.069531 0.116667
4 0.812109 0.234722 0.063281 0.188889
2 0.141016 0.350000 0.163281 0.175000
2 0.326953 0.370833 0.178906 0.147222
2 0.423438 0.348611 0.081250 0.088889
2 0.201562 0.244444 0.101562 0.080556
2 0.320703 0.254861 0.122656 0.095833
3 0.298047 0.723611 0.214844 0.191667
3 0.135547 0.791667 0.110156 0.069444
3 0.239844 0.902778 0.368750 0.111111
3 0.319141 0.827083 0.116406 0.087500
