3 0.473047 0.354167 0.236719 0.336111
3 0.072656 0.675000 0.145313 0.277778
3 0.525781 0.702778 0.160938 0.227778
1 0.310937 0.687500 0.389062 0.508333
1 0.303906 0.443056 0.270312 0.369444
2 0.323047 0.156250 0.199219 0.256944
2 0.647656 0.148611 0.159375 0.244444
4 0.675000 0.525694 0.204688 0.323611
4 0.852734 0.203472 0.289844 0.395833
4 0.554297 0.081944 0.196094 0.141667
2 0.195703 0.824306 0.089844 0.134722
2 0.123828 0.884028 0.046094 0.065278
2 0.180859 0.947917 0.046094 0.073611
2 0.545313 0.899306 0.032812 0.062500
