1 0.328906 0.618750 0.071875 0.215278
1 0.244531 0.609028 0.079687 0.231944
1 0.155859 0.590278 0.083594 0.252778
1 0.056641 0.598611 0.102344 0.275000
1 0.644531 0.536806 0.087500 0.259722
1 0.559766 0.534722 0.083594 0.252778
1 0.451562 0.536806 0.071875 0.245833
1 0.359766 0.538889 0.069531 0.238889
1 0.274609 0.527083 0.058594 0.218056
1 0.179688 0.511806 0.067188 0.284722
1 0.076563 0.541667 0.079687 0.302778
1 0.785937 0.536111 0.126563 0.294444
1 0.881641 0.677778 0.092969 0.152778
1 0.884766 0.615972 0.088281 0.156944
4 0.745703 0.763889 0.083594 0.088889
1 0.961328 0.759722 0.074219 0.125000
1 0.932422 0.687500 0.067969 0.125000
