1 0.372266 0.700694 0.036719 0.323611
1 0.445703 0.753472 0.116406 0.209722
1 0.356641 0.325000 0.047656 0.311111
1 0.351953 0.559028 0.033594 0.243056
1 0.408984 0.365972 0.049219 0.268056
1 0.452344 0.392361 0.100000 0.220833
1 0.426953 0.636806 0.096094 0.293056
4 0.210938 0.575000 0.070312 0.169444
4 0.916797 0.622917 0.080469 0.465278
4 0.234766 0.222917 0.057031 0.134722
4 0.041797 0.338194 0.060156 0.318056
4 0.194922 0.322917 0.105469 0.126389
4 0.242188 0.425694 0.059375 0.115278
4 0.158594 0.590278 0.054688 0.150000
4 0.060938 0.113194 0.068750 0.120833
4 0.127734 0.217361 0.072656 0.090278
4 0.106250 0.532639 0.064062 0.548611
3 0.633594 0.647917 0.114063 0.226389
3 0.779688 0.372222 0.053125 0.250000
3 0.569141 0.470139 0.072656 0.331944
3 0.717578 0.387500 0.080469 0.333333
3 0.766797 0.614583 0.127344 0.223611
4 0.823047 0.924306 0.088281 0.131944
4 0.941016 0.954167 0.069531 0.083333
3 0.713281 0.142361 0.164062 0.259722
3 0.581641 0.343056 0.083594 0.322222
