1 0.443750 0.295833 0.229687 0.308333
1 0.857813 0.306944 0.248437 0.408333
2 0.695312 0.499306 0.334375 0.179167
2 0.558594 0.679167 0.284375 0.241667
2 0.942187 0.836806 0.115625 0.204167
2 0.360156 0.849306 0.265625 0.215278
1 0.647656 0.332639 0.171875 0.195833
4 0.492578 0.182639 0.339844 0.293056
2 0.745313 0.918056 0.214062 0.141667
2 0.580469 0.868750 0.164062 0.120833
4 0.794922 0.171528 0.236719 0.323611
2 0.151953 0.833333 0.200781 0.244444
2 0.120703 0.563194 0.203906 0.076389
4 0.213281 0.258333 0.426562 0.508333
4 0.615625 0.617361 0.756250 0.204167
1 0.097266 0.792361 0.192969 0.254167
1 0.115234 0.657639 0.211719 0.104167
