1 0.428125 0.809722 0.317187 0.380556
1 0.769531 0.689583 0.337500 0.409722
1 0.124219 0.697917 0.246875 0.295833
1 0.117969 0.824306 0.231250 0.170833
1 0.176172 0.596528 0.285156 0.412500
1 0.570312 0.811111 0.440625 0.341667
1 0.438281 0.611111 0.451562 0.250000
1 0.350000 0.422917 0.400000 0.240278
1 0.080859 0.310417 0.158594 0.168056
1 0.813281 0.343056 0.210938 0.361111
1 0.511719 0.292361 0.364062 0.318056
1 0.204688 0.231944 0.248437 0.133333
1 0.421484 0.093750 0.221094 0.170833
1 0.805859 0.586111 0.388281 0.305556
1 0.474219 0.428472 0.335938 0.354167
