1 0.524219 0.329167 0.054688 0.347222
1 0.644922 0.447917 0.046094 0.159722
1 0.586719 0.383333 0.057813 0.238889
1 0.722266 0.310417 0.046094 0.348611
1 0.685547 0.333333 0.035156 0.316667
1 0.650391 0.300000 0.052344 0.300000
1 0.605859 0.293056 0.047656 0.291667
1 0.564062 0.267361 0.060938 0.409722
4 0.196094 0.293750 0.121875 0.356944
4 0.397656 0.405556 0.050000 0.161111
4 0.348437 0.340278 0.046875 0.291667
4 0.289844 0.304861 0.062500 0.343056
4 0.544141 0.840278 0.047656 0.272222
4 0.704297 0.841667 0.055469 0.250000
4 0.621484 0.871528 0.041406 0.154167
4 0.587109 0.781944 0.057031 0.350000
4 0.586719 0.857639 0.023438 0.184722
4 0.636719 0.788889 0.070312 0.377778
2 0.328906 0.749306 0.071875 0.256944
2 0.404297 0.797917 0.066406 0.198611
2 0.453906 0.725694 0.064062 0.251389
2 0.383984 0.688194 0.066406 0.315278
2 0.761328 0.656250 0.035156 0.131944
2 0.841016 0.695139 0.060156 0.120833
2 0.909766 0.613194 0.069531 0.209722
2 0.781641 0.572917 0.041406 0.187500
2 0.819141 0.607639 0.058594 0.170833
2 0.862891 0.543056 0.072656 0.202778
3 0.082031 0.606250 0.087500 0.084722
3 0.088281 0.704167 0.067188 0.100000
3 0.194141 0.650000 0.085156 0.058333
3 0.143359 0.606250 0.057031 0.084722
3 0.210547 0.732639 0.055469 0.065278
3 0.206641 0.615278 0.085156 0.066667
3 0.198437 0.703472 0.137500 0.065278
