2 0.127734 0.604861 0.105469 0.223611
2 0.198828 0.574306 0.111719 0.195833
2 0.291016 0.529861 0.133594 0.243056
3 0.175781 0.423611 0.087500 0.225000
3 0.228906 0.350694 0.165625 0.240278
3 0.636328 0.715972 0.252344 0.095833
3 0.562500 0.737500 0.498437 0.113889
3 0.527344 0.756250 0.506250 0.145833
3 0.488281 0.767361 0.500000 0.151389
3 0.445703 0.781944 0.530469 0.152778
3 0.861328 0.471528 0.057031 0.170833
4 0.413672 0.445139 0.125781 0.451389
4 0.555469 0.443056 0.150000 0.458333
4 0.676953 0.424306 0.100781 0.423611
4 0.516016 0.314583 0.153906 0.601389
1 0.773828 0.434722 0.119531 0.480556
1 0.871875 0.620833 0.112500 0.152778
