2 0.875391 0.750694 0.078906 0.195833
4 0.873828 0.605556 0.102344 0.116667
2 0.715234 0.942361 0.242969 0.115278
2 0.746875 0.820139 0.159375 0.145833
2 0.211719 0.867361 0.142188 0.209722
2 0.558984 0.616667 0.074219 0.216667
2 0.639844 0.500000 0.103125 0.122222
2 0.462891 0.440278 0.108594 0.094444
2 0.422266 0.753472 0.075781 0.143056
2 0.498828 0.803472 0.113281 0.073611
4 0.455469 0.922917 0.117188 0.129167
2 0.758594 0.418750 0.064062 0.048611
2 0.835547 0.450694 0.066406 0.090278
2 0.235938 0.671528 0.065625 0.123611
2 0.944531 0.890278 0.098438 0.216667
2 0.966797 0.732639 0.064844 0.120833
2 0.443750 0.293750 0.048437 0.140278
2 0.176563 0.239583 0.068750 0.040278
2 0.237891 0.361111 0.063281 0.083333
2 0.316797 0.487500 0.119531 0.105556
2 0.276172 0.202083 0.052344 0.029167
2 0.596094 0.363889 0.059375 0.083333
2 0.887500 0.326389 0.054688 0.075000
2 0.838672 0.325694 0.053906 0.065278
2 0.923437 0.418056 0.104687 0.052778
2 0.928516 0.454861 0.097656 0.051389
2 0.314063 0.317361 0.181250 0.154167
2 0.372656 0.600694 0.268750 0.248611
2 0.645703 0.338889 0.271094 0.075000
2 0.563281 0.252083 0.195312 0.095833
2 0.342969 0.807639 0.078125 0.154167
2 0.275391 0.922222 0.141406 0.150000
