4 0.801172 0.700000 0.067969 0.186111
4 0.873828 0.738889 0.082031 0.144444
4 0.891016 0.623611 0.066406 0.127778
4 0.328125 0.801389 0.193750 0.122222
4 0.825391 0.477083 0.060156 0.090278
4 0.554297 0.440278 0.039844 0.100000
4 0.464453 0.519444 0.055469 0.091667
4 0.626953 0.421528 0.078906 0.059722
4 0.779688 0.394444 0.121875 0.083333
4 0.678516 0.366667 0.094531 0.036111
3 0.324219 0.406944 0.068750 0.050000
4 0.396094 0.406250 0.100000 0.045833
4 0.466406 0.393750 0.046875 0.095833
4 0.509766 0.387500 0.055469 0.041667
4 0.174219 0.552778 0.121875 0.061111
3 0.148828 0.756250 0.169531 0.148611
4 0.097266 0.426389 0.072656 0.033333
4 0.622266 0.266667 0.039844 0.036111
4 0.621875 0.309028 0.051562 0.051389
4 0.579687 0.314583 0.065625 0.026389
4 0.617188 0.347917 0.060938 0.054167
4 0.644141 0.535417 0.064844 0.059722
4 0.700781 0.565972 0.048437 0.115278
4 0.661328 0.604861 0.025781 0.073611
4 0.770703 0.570833 0.092969 0.050000
4 0.528125 0.693056 0.087500 0.113889
4 0.425391 0.759722 0.061719 0.091667
4 0.231250 0.878472 0.085938 0.101389
4 0.144141 0.284722 0.041406 0.041667
4 0.359766 0.299306 0.042969 0.023611
4 0.612891 0.493056 0.052344 0.058333
4 0.952344 0.737500 0.095312 0.116667
