4 0.469141 0.323611 0.150781 0.227778
4 0.324609 0.120833 0.057031 0.097222
4 0.333984 0.452778 0.094531 0.125000
1 0.171484 0.289583 0.053906 0.131944
4 0.441406 0.501389 0.076563 0.100000
4 0.667578 0.628472 0.103906 0.084722
4 0.712500 0.575000 0.076563 0.102778
4 0.241016 0.554861 0.053906 0.098611
4 0.301953 0.597222 0.091406 0.094444
4 0.456250 0.616667 0.064062 0.058333
4 0.674609 0.220139 0.075781 0.137500
4 0.634375 0.143750 0.064062 0.095833
4 0.598437 0.340278 0.056250 0.088889
4 0.554688 0.095833 0.054688 0.044444
4 0.330078 0.900000 0.053906 0.094444
4 0.462109 0.209722 0.039844 0.080556
4 0.551172 0.300000 0.049219 0.075000
4 0.652734 0.479167 0.064844 0.094444
4 0.722266 0.403472 0.063281 0.106944
4 0.732031 0.492361 0.076563 0.081944
4 0.924609 0.547917 0.150781 0.284722
