2 0.446094 0.705556 0.075000 0.105556
2 0.456250 0.511806 0.085938 0.062500
2 0.602734 0.435417 0.035156 0.104167
2 0.427344 0.440278 0.062500 0.063889
2 0.330859 0.436111 0.044531 0.052778
2 0.307031 0.398611 0.034375 0.052778
2 0.344141 0.354167 0.022656 0.066667
2 0.369141 0.354167 0.035156 0.061111
4 0.813672 0.613194 0.135156 0.084722
2 0.662500 0.436111 0.042188 0.083333
2 0.383203 0.285417 0.052344 0.062500
2 0.460547 0.341667 0.042969 0.027778
2 0.410937 0.320833 0.020312 0.033333
4 0.185937 0.128472 0.145313 0.170833
