4 0.520703 0.667361 0.052344 0.198611
4 0.230469 0.797222 0.065625 0.213889
4 0.380859 0.877083 0.146094 0.115278
4 0.674219 0.869444 0.198437 0.250000
4 0.645703 0.729167 0.117969 0.222222
4 0.179688 0.672917 0.089062 0.076389
4 0.046875 0.515278 0.045313 0.086111
4 0.821094 0.890278 0.025000 0.041667
4 0.561328 0.847917 0.038281 0.068056
4 0.511719 0.823611 0.098438 0.177778
4 0.407031 0.779861 0.078125 0.093056
4 0.417969 0.747917 0.070312 0.084722
4 0.357422 0.701389 0.039844 0.086111
4 0.171484 0.833333 0.064844 0.138889
