4 0.144922 0.452778 0.152344 0.158333
4 0.306641 0.318750 0.117969 0.118056
4 0.309375 0.718056 0.135937 0.297222
4 0.427734 0.646528 0.099219 0.281944
4 0.320703 0.476389 0.146094 0.094444
4 0.591406 0.789583 0.153125 0.245833
4 0.520703 0.451389 0.130469 0.175000
4 0.414453 0.431944 0.097656 0.133333
4 0.377344 0.254861 0.054688 0.118056
4 0.475391 0.231944 0.044531 0.077778
4 0.547266 0.304167 0.128906 0.075000
4 0.473437 0.354167 0.101562 0.088889
4 0.625391 0.283333 0.089844 0.086111
4 0.831641 0.271528 0.336719 0.534722
