4 0.194141 0.622222 0.094531 0.147222
4 0.514453 0.509028 0.119531 0.098611
4 0.700000 0.736111 0.181250 0.219444
4 0.682422 0.581944 0.175781 0.127778
4 0.865625 0.836111 0.128125 0.169444
4 0.898828 0.682639 0.086719 0.084722
4 0.885547 0.589583 0.122656 0.081944
4 0.427734 0.769444 0.039844 0.058333
4 0.067188 0.353472 0.045313 0.054167
4 0.025000 0.344444 0.050000 0.083333
4 0.598047 0.732639 0.038281 0.043056
3 0.462500 0.913194 0.056250 0.137500
3 0.510156 0.775000 0.082813 0.047222
3 0.345313 0.603472 0.075000 0.059722
4 0.923437 0.452083 0.150000 0.087500
4 0.960547 0.538889 0.077344 0.066667
