4 0.644922 0.505556 0.136719 0.069444
4 0.321875 0.450694 0.053125 0.068056
4 0.159375 0.522917 0.162500 0.070833
4 0.101172 0.565972 0.067969 0.056944
4 0.086719 0.615972 0.125000 0.076389
4 0.367188 0.500000 0.076563 0.052778
4 0.222266 0.620139 0.138281 0.068056
4 0.461719 0.536806 0.132812 0.076389
4 0.219531 0.715278 0.140625 0.094444
4 0.515234 0.704167 0.153906 0.075000
4 0.691797 0.913889 0.207031 0.113889
4 0.303906 0.802778 0.193750 0.077778
4 0.910547 0.883333 0.174219 0.150000
4 0.893750 0.694444 0.062500 0.108333
4 0.819922 0.622917 0.083594 0.129167
4 0.825781 0.690278 0.109375 0.158333
4 0.639063 0.700694 0.142188 0.084722
4 0.595312 0.777778 0.234375 0.138889
4 0.698438 0.843750 0.215625 0.076389
4 0.471484 0.950694 0.205469 0.095833
4 0.508594 0.961111 0.156250 0.075000
4 0.351953 0.551389 0.067969 0.041667
