4 0.119141 0.511111 0.110156 0.144444
4 0.051562 0.340278 0.070312 0.075000
4 0.525000 0.704861 0.162500 0.104167
4 0.387500 0.791667 0.115625 0.147222
4 0.435547 0.818056 0.060156 0.144444
4 0.565234 0.809028 0.164844 0.095833
4 0.897266 0.762500 0.075781 0.086111
4 0.946875 0.622917 0.106250 0.093056
4 0.772266 0.737500 0.072656 0.152778
4 0.227734 0.745833 0.077344 0.127778
3 0.126172 0.867361 0.202344 0.115278
4 0.816797 0.805556 0.066406 0.088889
4 0.164453 0.602083 0.072656 0.070833
4 0.412109 0.685417 0.074219 0.081944
2 0.699219 0.702083 0.092188 0.140278
1 0.956641 0.815972 0.072656 0.065278
2 0.837891 0.506944 0.038281 0.050000
4 0.614844 0.662500 0.110937 0.066667
4 0.597266 0.747917 0.100781 0.062500
4 0.283984 0.847917 0.122656 0.126389
3 0.232422 0.968056 0.138281 0.063889
4 0.028125 0.927778 0.056250 0.122222
3 0.607813 0.947917 0.106250 0.051389
4 0.969531 0.543750 0.056250 0.065278
